intrinsic:
986.9855848996057 0.0 643.1191818271916 
0.0 735.8710429909145 385.3594060780772 
0.0 0.0 1.0 
distortion:
-0.11507724144081512 0.8545060609020946 -0.0024090619000017655 0.0024549920587801136 -1.8655873220186912 
