intrinsic:
930.4915034440213 0.0 638.1543007688936 
0.0 689.938170855728 376.600527784409 
0.0 0.0 1.0 
distortion:
-0.055150395257443474 0.38730441653268416 -0.007890650863134811 0.00013615821953916717 -0.7064266489739007 
